# Created by Octave 3.2.4, Thu Aug 19 15:43:49 2010 Eastern Daylight Time <unknown@unknown>
# name: entrez
# type: matrix
# rows: 8141
# columns: 1
 2
 9
 10
 12
 14
 15
 16
 18
 19
 20
 21
 22
 23
 24
 25
 26
 27
 29
 30
 31
 32
 33
 34
 36
 37
 38
 39
 40
 41
 43
 47
 48
 49
 50
 51
 52
 53
 54
 55
 58
 59
 60
 70
 71
 72
 81
 86
 87
 88
 89
 90
 91
 92
 93
 94
 95
 100
 102
 103
 104
 105
 108
 109
 112
 113
 114
 116
 117
 118
 119
 120
 124
 125
 126
 128
 130
 131
 132
 133
 134
 135
 141
 142
 143
 147
 148
 150
 151
 152
 153
 154
 155
 156
 157
 158
 159
 161
 162
 163
 164
 165
 166
 167
 173
 174
 175
 176
 177
 178
 181
 182
 183
 185
 186
 187
 189
 190
 191
 196
 197
 203
 204
 205
 207
 208
 210
 211
 212
 213
 214
 215
 216
 217
 218
 219
 221
 222
 223
 224
 225
 226
 229
 230
 231
 238
 239
 240
 241
 242
 248
 249
 250
 258
 259
 266
 267
 268
 269
 270
 271
 273
 274
 275
 276
 279
 280
 283
 284
 285
 286
 287
 288
 290
 291
 292
 301
 302
 306
 307
 308
 309
 310
 311
 312
 316
 317
 318
 319
 320
 321
 322
 324
 325
 326
 327
 328
 329
 330
 331
 332
 333
 334
 335
 336
 337
 338
 339
 341
 344
 345
 347
 348
 350
 351
 353
 354
 355
 356
 357
 358
 359
 360
 361
 363
 364
 366
 367
 368
 369
 372
 373
 374
 375
 377
 378
 379
 381
 382
 383
 384
 387
 388
 390
 391
 392
 393
 394
 396
 397
 399
 400
 402
 403
 405
 406
 407
 408
 409
 410
 411
 414
 415
 416
 417
 419
 421
 427
 429
 432
 433
 434
 435
 438
 439
 440
 443
 444
 445
 462
 463
 466
 467
 468
 471
 472
 473
 475
 476
 477
 478
 481
 482
 487
 488
 491
 493
 496
 498
 501
 506
 509
 513
 514
 515
 516
 518
 521
 522
 523
 525
 526
 527
 529
 533
 537
 538
 539
 540
 545
 546
 547
 549
 550
 552
 553
 558
 563
 566
 570
 571
 572
 573
 574
 576
 577
 578
 580
 581
 585
 586
 587
 590
 593
 594
 595
 596
 597
 598
 599
 602
 604
 605
 607
 608
 611
 613
 617
 624
 627
 629
 631
 633
 634
 635
 636
 637
 638
 639
 640
 641
 642
 643
 645
 646
 648
 649
 650
 651
 652
 653
 654
 655
 656
 657
 658
 659
 660
 661
 662
 663
 664
 665
 666
 667
 669
 670
 671
 672
 673
 675
 676
 677
 682
 683
 685
 687
 688
 689
 694
 695
 696
 699
 701
 705
 708
 710
 712
 713
 715
 716
 717
 718
 719
 720
 721
 722
 725
 726
 727
 728
 729
 730
 731
 732
 733
 735
 738
 740
 744
 746
 747
 750
 752
 754
 760
 762
 765
 767
 768
 771
 774
 775
 776
 777
 778
 779
 780
 784
 785
 788
 790
 793
 794
 796
 799
 800
 801
 808
 810
 811
 813
 814
 815
 816
 817
 818
 819
 820
 821
 822
 823
 824
 825
 826
 827
 829
 830
 831
 832
 833
 834
 835
 836
 837
 838
 839
 840
 841
 842
 843
 844
 845
 846
 847
 857
 858
 859
 860
 861
 862
 863
 864
 866
 867
 871
 873
 874
 875
 883
 885
 887
 889
 890
 892
 894
 896
 898
 899
 900
 901
 902
 904
 905
 908
 909
 910
 911
 912
 914
 915
 916
 917
 919
 920
 921
 922
 923
 924
 925
 926
 928
 929
 930
 931
 932
 933
 934
 939
 940
 941
 942
 943
 944
 945
 946
 947
 948
 949
 950
 951
 952
 953
 954
 958
 959
 960
 961
 962
 963
 965
 966
 967
 968
 969
 970
 971
 972
 973
 974
 975
 976
 977
 978
 983
 984
 987
 988
 989
 990
 991
 993
 994
 995
 996
 997
 998
 999
 1000
 1001
 1002
 1003
 1004
 1005
 1006
 1007
 1008
 1009
 1010
 1012
 1013
 1014
 1016
 1017
 1018
 1019
 1020
 1021
 1022
 1025
 1026
 1027
 1028
 1029
 1030
 1031
 1032
 1033
 1038
 1039
 1040
 1041
 1043
 1044
 1045
 1046
 1047
 1048
 1050
 1051
 1052
 1053
 1054
 1056
 1058
 1059
 1060
 1062
 1063
 1066
 1069
 1070
 1071
 1072
 1075
 1080
 1081
 1084
 1088
 1101
 1102
 1103
 1104
 1105
 1108
 1109
 1111
 1113
 1114
 1116
 1117
 1119
 1121
 1122
 1123
 1124
 1129
 1130
 1131
 1132
 1134
 1135
 1136
 1137
 1138
 1139
 1140
 1141
 1143
 1144
 1145
 1146
 1147
 1149
 1152
 1153
 1154
 1155
 1158
 1159
 1160
 1161
 1163
 1164
 1173
 1174
 1175
 1176
 1179
 1180
 1182
 1183
 1184
 1185
 1186
 1187
 1188
 1191
 1192
 1193
 1195
 1196
 1198
 1200
 1201
 1203
 1207
 1208
 1209
 1211
 1212
 1213
 1215
 1230
 1231
 1232
 1233
 1234
 1235
 1236
 1237
 1238
 1241
 1244
 1258
 1259
 1263
 1264
 1268
 1269
 1270
 1271
 1272
 1277
 1278
 1280
 1281
 1282
 1284
 1285
 1286
 1287
 1288
 1289
 1290
 1291
 1293
 1294
 1295
 1297
 1298
 1299
 1300
 1301
 1305
 1308
 1311
 1312
 1314
 1315
 1316
 1317
 1318
 1325
 1326
 1327
 1329
 1340
 1345
 1347
 1350
 1351
 1352
 1353
 1355
 1356
 1357
 1358
 1359
 1360
 1361
 1362
 1363
 1364
 1365
 1366
 1369
 1371
 1373
 1375
 1376
 1378
 1380
 1381
 1382
 1384
 1385
 1386
 1387
 1388
 1389
 1390
 1392
 1393
 1394
 1395
 1397
 1398
 1399
 1400
 1401
 1404
 1406
 1407
 1408
 1409
 1410
 1411
 1412
 1413
 1415
 1417
 1420
 1429
 1431
 1432
 1434
 1435
 1436
 1437
 1438
 1439
 1440
 1441
 1442
 1443
 1444
 1445
 1446
 1447
 1448
 1452
 1453
 1454
 1455
 1456
 1457
 1459
 1460
 1462
 1463
 1464
 1465
 1466
 1468
 1469
 1470
 1471
 1473
 1475
 1476
 1477
 1478
 1479
 1482
 1485
 1487
 1488
 1489
 1490
 1493
 1495
 1497
 1499
 1500
 1501
 1503
 1504
 1506
 1508
 1509
 1510
 1511
 1512
 1513
 1514
 1515
 1520
 1522
 1523
 1524
 1525
 1527
 1528
 1535
 1536
 1537
 1540
 1543
 1544
 1545
 1548
 1549
 1551
 1555
 1556
 1557
 1558
 1559
 1562
 1571
 1572
 1573
 1577
 1580
 1581
 1583
 1584
 1585
 1586
 1588
 1589
 1591
 1593
 1594
 1595
 1600
 1601
 1602
 1603
 1604
 1605
 1606
 1608
 1609
 1611
 1612
 1615
 1616
 1617
 1618
 1620
 1621
 1622
 1627
 1628
 1629
 1630
 1633
 1634
 1635
 1636
 1638
 1639
 1641
 1642
 1643
 1644
 1646
 1647
 1649
 1650
 1652
 1653
 1654
 1655
 1656
 1659
 1660
 1662
 1663
 1665
 1667
 1668
 1672
 1673
 1674
 1675
 1676
 1677
 1678
 1687
 1716
 1717
 1718
 1719
 1725
 1727
 1728
 1729
 1730
 1734
 1736
 1737
 1738
 1739
 1740
 1741
 1742
 1743
 1746
 1748
 1749
 1755
 1756
 1758
 1759
 1760
 1761
 1763
 1773
 1774
 1775
 1776
 1777
 1778
 1780
 1781
 1783
 1785
 1786
 1787
 1788
 1789
 1791
 1793
 1794
 1795
 1796
 1797
 1798
 1800
 1801
 1802
 1803
 1804
 1805
 1806
 1807
 1808
 1809
 1810
 1811
 1812
 1813
 1814
 1815
 1816
 1819
 1820
 1821
 1822
 1823
 1824
 1825
 1826
 1827
 1828
 1829
 1830
 1831
 1832
 1834
 1836
 1837
 1838
 1839
 1841
 1843
 1844
 1845
 1846
 1847
 1848
 1849
 1850
 1852
 1854
 1856
 1857
 1859
 1861
 1869
 1870
 1871
 1874
 1875
 1876
 1877
 1880
 1891
 1892
 1894
 1896
 1901
 1902
 1903
 1906
 1907
 1908
 1909
 1910
 1912
 1915
 1917
 1933
 1936
 1937
 1939
 1942
 1944
 1945
 1946
 1947
 1948
 1949
 1950
 1951
 1952
 1953
 1956
 1958
 1959
 1960
 1961
 1962
 1964
 1965
 1967
 1968
 1969
 1973
 1974
 1975
 1977
 1978
 1979
 1981
 1982
 1983
 1984
 1991
 1992
 1993
 1994
 1995
 1996
 1997
 1998
 1999
 2000
 2001
 2004
 2005
 2006
 2009
 2010
 2011
 2012
 2013
 2014
 2015
 2017
 2018
 2019
 2020
 2021
 2022
 2023
 2027
 2028
 2029
 2030
 2033
 2034
 2035
 2036
 2037
 2038
 2039
 2040
 2042
 2043
 2045
 2047
 2048
 2049
 2050
 2051
 2052
 2053
 2055
 2056
 2057
 2058
 2059
 2060
 2063
 2064
 2065
 2066
 2067
 2068
 2069
 2070
 2071
 2072
 2073
 2074
 2077
 2078
 2079
 2081
 2091
 2098
 2099
 2100
 2101
 2103
 2104
 2107
 2108
 2109
 2110
 2113
 2114
 2119
 2120
 2121
 2123
 2125
 2130
 2131
 2132
 2135
 2138
 2139
 2140
 2145
 2146
 2147
 2149
 2150
 2151
 2152
 2153
 2155
 2157
 2158
 2159
 2160
 2162
 2165
 2166
 2167
 2168
 2169
 2170
 2171
 2172
 2173
 2175
 2176
 2185
 2186
 2188
 2189
 2191
 2192
 2193
 2194
 2195
 2196
 2197
 2199
 2200
 2201
 2202
 2203
 2204
 2205
 2206
 2207
 2208
 2209
 2212
 2213
 2214
 2215
 2217
 2219
 2220
 2222
 2224
 2230
 2232
 2235
 2237
 2239
 2241
 2242
 2243
 2244
 2245
 2246
 2247
 2248
 2249
 2250
 2251
 2252
 2253
 2254
 2257
 2258
 2260
 2261
 2262
 2263
 2264
 2266
 2268
 2271
 2272
 2273
 2274
 2275
 2277
 2280
 2281
 2286
 2287
 2288
 2289
 2290
 2294
 2295
 2296
 2297
 2299
 2304
 2306
 2308
 2309
 2313
 2314
 2316
 2317
 2318
 2319
 2321
 2322
 2323
 2324
 2326
 2327
 2328
 2329
 2330
 2331
 2332
 2334
 2335
 2339
 2342
 2348
 2350
 2353
 2354
 2355
 2356
 2357
 2358
 2395
 2444
 2475
 2483
 2488
 2492
 2494
 2495
 2512
 2515
 2516
 2517
 2520
 2521
 2524
 2525
 2526
 2529
 2530
 2532
 2533
 2535
 2538
 2539
 2542
 2547
 2549
 2550
 2551
 2553
 2554
 2555
 2556
 2557
 2559
 2561
 2562
 2563
 2564
 2566
 2567
 2571
 2572
 2580
 2582
 2584
 2585
 2587
 2588
 2589
 2590
 2591
 2592
 2596
 2597
 2615
 2617
 2618
 2619
 2620
 2621
 2622
 2624
 2625
 2626
 2627
 2629
 2632
 2633
 2634
 2638
 2639
 2641
 2642
 2643
 2644
 2645
 2646
 2647
 2648
 2649
 2650
 2652
 2653
 2657
 2660
 2661
 2664
 2665
 2668
 2669
 2670
 2671
 2672
 2673
 2674
 2675
 2676
 2677
 2678
 2683
 2688
 2689
 2690
 2692
 2693
 2694
 2695
 2697
 2701
 2702
 2703
 2705
 2707
 2709
 2710
 2712
 2717
 2719
 2720
 2729
 2730
 2731
 2733
 2734
 2736
 2737
 2739
 2740
 2741
 2742
 2743
 2744
 2745
 2746
 2747
 2752
 2760
 2762
 2764
 2767
 2768
 2769
 2770
 2771
 2773
 2775
 2776
 2778
 2779
 2781
 2782
 2783
 2784
 2785
 2786
 2787
 2788
 2790
 2791
 2792
 2794
 2796
 2798
 2799
 2800
 2801
 2802
 2803
 2804
 2805
 2806
 2810
 2811
 2812
 2813
 2814
 2815
 2817
 2819
 2820
 2821
 2822
 2825
 2826
 2827
 2828
 2829
 2830
 2833
 2835
 2838
 2847
 2850
 2852
 2853
 2859
 2861
 2862
 2863
 2865
 2867
 2868
 2869
 2870
 2872
 2873
 2874
 2875
 2876
 2877
 2879
 2882
 2885
 2886
 2887
 2888
 2889
 2891
 2892
 2893
 2895
 2896
 2897
 2898
 2899
 2900
 2901
 2902
 2903
 2904
 2905
 2908
 2909
 2911
 2912
 2913
 2914
 2915
 2916
 2917
 2918
 2919
 2920
 2921
 2922
 2923
 2925
 2926
 2931
 2932
 2934
 2935
 2936
 2937
 2940
 2941
 2944
 2946
 2947
 2948
 2950
 2952
 2954
 2956
 2957
 2958
 2959
 2960
 2961
 2962
 2963
 2965
 2966
 2967
 2968
 2969
 2971
 2972
 2975
 2976
 2977
 2978
 2979
 2981
 2983
 2984
 2986
 2987
 2990
 2992
 2993
 2994
 2995
 2996
 2997
 2998
 3000
 3001
 3002
 3005
 3006
 3009
 3012
 3014
 3015
 3017
 3018
 3020
 3021
 3024
 3026
 3028
 3029
 3030
 3032
 3033
 3034
 3035
 3036
 3037
 3039
 3040
 3043
 3046
 3047
 3048
 3050
 3052
 3053
 3054
 3055
 3059
 3060
 3061
 3062
 3064
 3065
 3066
 3067
 3068
 3069
 3073
 3074
 3075
 3077
 3078
 3081
 3082
 3083
 3084
 3087
 3091
 3092
 3093
 3094
 3096
 3097
 3098
 3099
 3101
 3104
 3105
 3106
 3107
 3108
 3109
 3111
 3112
 3113
 3115
 3117
 3119
 3122
 3123
 3131
 3133
 3134
 3135
 3141
 3142
 3145
 3146
 3148
 3149
 3150
 3151
 3155
 3156
 3157
 3158
 3159
 3161
 3162
 3163
 3164
 3166
 3169
 3170
 3172
 3174
 3175
 3178
 3181
 3182
 3183
 3184
 3185
 3187
 3188
 3189
 3190
 3191
 3192
 3195
 3198
 3201
 3202
 3204
 3205
 3206
 3208
 3211
 3212
 3213
 3215
 3216
 3217
 3221
 3222
 3223
 3226
 3229
 3232
 3233
 3235
 3236
 3237
 3238
 3240
 3241
 3248
 3249
 3250
 3251
 3257
 3265
 3267
 3268
 3269
 3270
 3273
 3275
 3276
 3280
 3281
 3284
 3290
 3292
 3294
 3295
 3297
 3298
 3299
 3300
 3301
 3303
 3304
 3305
 3308
 3309
 3310
 3312
 3313
 3315
 3316
 3320
 3326
 3329
 3336
 3337
 3339
 3340
 3346
 3350
 3351
 3352
 3355
 3356
 3357
 3358
 3359
 3362
 3364
 3371
 3375
 3376
 3381
 3382
 3383
 3384
 3385
 3386
 3394
 3396
 3397
 3398
 3399
 3400
 3416
 3417
 3419
 3420
 3421
 3425
 3426
 3428
 3429
 3430
 3431
 3434
 3437
 3440
 3441
 3444
 3446
 3447
 3451
 3454
 3455
 3456
 3458
 3459
 3460
 3467
 3475
 3476
 3479
 3480
 3481
 3482
 3484
 3485
 3486
 3487
 3488
 3489
 3490
 3491
 3507
 3508
 3516
 3543
 3547
 3550
 3551
 3553
 3554
 3556
 3557
 3558
 3559
 3560
 3561
 3562
 3563
 3565
 3566
 3567
 3568
 3569
 3570
 3572
 3574
 3575
 3576
 3577
 3578
 3579
 3581
 3586
 3587
 3588
 3589
 3590
 3592
 3593
 3594
 3595
 3596
 3597
 3598
 3600
 3601
 3603
 3604
 3605
 3606
 3607
 3608
 3609
 3611
 3612
 3613
 3614
 3615
 3617
 3619
 3620
 3621
 3622
 3623
 3624
 3625
 3626
 3627
 3628
 3630
 3631
 3632
 3635
 3636
 3638
 3641
 3642
 3643
 3645
 3646
 3651
 3653
 3654
 3655
 3658
 3659
 3660
 3661
 3662
 3663
 3664
 3665
 3667
 3670
 3673
 3674
 3675
 3676
 3678
 3679
 3680
 3682
 3683
 3684
 3685
 3687
 3688
 3689
 3690
 3691
 3692
 3693
 3694
 3695
 3696
 3697
 3698
 3699
 3700
 3702
 3703
 3704
 3705
 3706
 3707
 3708
 3709
 3710
 3713
 3714
 3716
 3717
 3720
 3725
 3726
 3727
 3728
 3730
 3732
 3735
 3736
 3737
 3738
 3739
 3741
 3742
 3745
 3746
 3748
 3750
 3751
 3752
 3753
 3754
 3755
 3756
 3757
 3758
 3759
 3760
 3761
 3762
 3763
 3764
 3765
 3766
 3768
 3772
 3775
 3777
 3778
 3779
 3783
 3784
 3785
 3786
 3790
 3791
 3792
 3795
 3796
 3797
 3798
 3799
 3801
 3802
 3803
 3804
 3805
 3806
 3807
 3809
 3811
 3812
 3814
 3815
 3816
 3817
 3818
 3820
 3821
 3822
 3823
 3824
 3827
 3831
 3832
 3835
 3836
 3837
 3838
 3839
 3840
 3842
 3843
 3845
 3848
 3849
 3851
 3852
 3853
 3854
 3855
 3856
 3858
 3861
 3866
 3872
 3875
 3880
 3883
 3887
 3891
 3898
 3899
 3902
 3903
 3906
 3908
 3909
 3910
 3911
 3912
 3913
 3914
 3915
 3916
 3918
 3920
 3921
 3925
 3927
 3929
 3930
 3931
 3932
 3933
 3934
 3936
 3937
 3938
 3939
 3945
 3948
 3949
 3950
 3952
 3953
 3955
 3956
 3957
 3958
 3959
 3960
 3963
 3964
 3965
 3973
 3975
 3976
 3977
 3978
 3980
 3981
 3983
 3984
 3985
 3987
 3988
 3990
 3991
 3992
 3995
 3996
 3998
 4000
 4001
 4004
 4005
 4008
 4010
 4012
 4013
 4014
 4015
 4016
 4018
 4023
 4026
 4034
 4035
 4036
 4038
 4040
 4041
 4043
 4046
 4048
 4049
 4050
 4052
 4054
 4055
 4057
 4058
 4060
 4061
 4062
 4063
 4064
 4066
 4067
 4068
 4069
 4071
 4072
 4074
 4077
 4082
 4084
 4085
 4086
 4087
 4088
 4089
 4090
 4091
 4092
 4093
 4094
 4097
 4099
 4100
 4103
 4107
 4108
 4109
 4110
 4111
 4112
 4113
 4114
 4115
 4116
 4121
 4122
 4123
 4125
 4126
 4128
 4129
 4130
 4131
 4133
 4134
 4137
 4139
 4140
 4141
 4142
 4143
 4144
 4145
 4146
 4147
 4148
 4149
 4150
 4152
 4153
 4155
 4157
 4158
 4159
 4160
 4161
 4162
 4163
 4168
 4170
 4171
 4172
 4173
 4174
 4175
 4176
 4179
 4184
 4188
 4189
 4190
 4191
 4192
 4193
 4194
 4197
 4199
 4200
 4201
 4204
 4205
 4207
 4208
 4209
 4210
 4211
 4212
 4214
 4215
 4216
 4217
 4218
 4221
 4222
 4223
 4224
 4225
 4232
 4233
 4234
 4236
 4237
 4238
 4241
 4242
 4245
 4254
 4255
 4256
 4258
 4259
 4261
 4267
 4276
 4277
 4281
 4282
 4283
 4284
 4285
 4286
 4287
 4288
 4292
 4295
 4296
 4297
 4298
 4299
 4300
 4301
 4302
 4303
 4306
 4308
 4311
 4312
 4314
 4316
 4317
 4318
 4319
 4320
 4321
 4322
 4323
 4324
 4325
 4326
 4327
 4328
 4329
 4330
 4331
 4332
 4335
 4336
 4338
 4340
 4342
 4350
 4351
 4352
 4353
 4354
 4355
 4356
 4359
 4360
 4361
 4430
 4435
 4436
 4437
 4438
 4439
 4440
 4477
 4478
 4481
 4482
 4485
 4486
 4487
 4488
 4495
 4496
 4501
 4502
 4504
 4507
 4515
 4520
 4522
 4524
 4528
 4534
 4542
 4543
 4544
 4548
 4580
 4582
 4583
 4587
 4589
 4591
 4593
 4594
 4595
 4597
 4598
 4599
 4601
 4602
 4603
 4605
 4606
 4607
 4608
 4609
 4613
 4615
 4616
 4617
 4618
 4619
 4620
 4621
 4622
 4624
 4625
 4626
 4628
 4632
 4633
 4635
 4638
 4640
 4641
 4644
 4646
 4647
 4649
 4650
 4651
 4653
 4654
 4656
 4659
 4660
 4664
 4665
 4666
 4668
 4670
 4671
 4673
 4674
 4676
 4677
 4678
 4680
 4681
 4682
 4683
 4684
 4686
 4687
 4688
 4689
 4690
 4691
 4692
 4694
 4696
 4697
 4698
 4700
 4701
 4702
 4703
 4704
 4706
 4707
 4709
 4711
 4714
 4720
 4722
 4723
 4724
 4726
 4728
 4729
 4733
 4734
 4735
 4736
 4738
 4739
 4741
 4744
 4745
 4747
 4750
 4751
 4752
 4753
 4756
 4758
 4760
 4761
 4762
 4763
 4771
 4772
 4776
 4778
 4779
 4780
 4781
 4782
 4783
 4784
 4790
 4791
 4792
 4793
 4794
 4795
 4798
 4799
 4800
 4801
 4802
 4803
 4804
 4807
 4808
 4809
 4811
 4814
 4817
 4820
 4824
 4825
 4828
 4829
 4830
 4831
 4833
 4835
 4836
 4839
 4841
 4842
 4843
 4846
 4848
 4849
 4850
 4851
 4852
 4853
 4854
 4855
 4856
 4857
 4858
 4860
 4861
 4862
 4863
 4864
 4867
 4868
 4869
 4878
 4879
 4881
 4882
 4883
 4884
 4885
 4886
 4887
 4889
 4891
 4893
 4897
 4898
 4899
 4901
 4904
 4905
 4907
 4908
 4913
 4914
 4915
 4916
 4919
 4920
 4921
 4922
 4923
 4924
 4925
 4926
 4927
 4928
 4929
 4931
 4935
 4938
 4940
 4942
 4947
 4948
 4950
 4951
 4952
 4953
 4957
 4967
 4968
 4974
 4976
 4982
 4983
 4985
 4986
 4987
 4988
 4990
 4994
 4999
 5000
 5001
 5002
 5003
 5004
 5007
 5008
 5009
 5010
 5016
 5018
 5020
 5023
 5024
 5025
 5027
 5028
 5030
 5031
 5034
 5036
 5037
 5045
 5046
 5047
 5048
 5049
 5050
 5051
 5052
 5053
 5054
 5055
 5058
 5062
 5063
 5066
 5068
 5069
 5071
 5073
 5074
 5075
 5076
 5077
 5078
 5079
 5080
 5081
 5082
 5083
 5087
 5089
 5090
 5091
 5092
 5093
 5094
 5095
 5096
 5097
 5100
 5101
 5104
 5105
 5108
 5110
 5111
 5116
 5118
 5119
 5122
 5125
 5126
 5127
 5128
 5129
 5130
 5132
 5133
 5134
 5136
 5137
 5138
 5139
 5140
 5141
 5142
 5143
 5144
 5145
 5146
 5147
 5148
 5151
 5152
 5155
 5156
 5157
 5158
 5159
 5160
 5161
 5162
 5163
 5164
 5165
 5166
 5167
 5170
 5172
 5174
 5175
 5178
 5179
 5184
 5187
 5188
 5189
 5190
 5191
 5192
 5193
 5194
 5195
 5196
 5198
 5199
 5201
 5202
 5203
 5204
 5207
 5208
 5210
 5211
 5213
 5214
 5216
 5217
 5218
 5223
 5224
 5225
 5226
 5228
 5229
 5230
 5236
 5238
 5241
 5243
 5245
 5251
 5252
 5253
 5255
 5256
 5257
 5260
 5261
 5264
 5265
 5266
 5267
 5268
 5271
 5272
 5273
 5274
 5275
 5276
 5277
 5279
 5281
 5283
 5284
 5286
 5287
 5288
 5289
 5290
 5291
 5292
 5293
 5294
 5295
 5296
 5297
 5298
 5300
 5303
 5304
 5306
 5307
 5308
 5310
 5311
 5313
 5315
 5316
 5317
 5318
 5319
 5320
 5321
 5322
 5324
 5326
 5327
 5328
 5329
 5330
 5331
 5332
 5333
 5335
 5336
 5337
 5338
 5339
 5340
 5341
 5345
 5346
 5347
 5348
 5349
 5350
 5354
 5355
 5359
 5360
 5362
 5364
 5365
 5366
 5367
 5368
 5371
 5372
 5373
 5375
 5376
 5378
 5393
 5394
 5395
 5406
 5407
 5408
 5409
 5411
 5413
 5414
 5420
 5423
 5424
 5425
 5426
 5427
 5428
 5429
 5430
 5431
 5432
 5433
 5434
 5436
 5437
 5438
 5439
 5440
 5441
 5442
 5443
 5444
 5445
 5447
 5449
 5450
 5451
 5452
 5453
 5454
 5455
 5458
 5459
 5460
 5464
 5465
 5467
 5468
 5469
 5470
 5471
 5473
 5475
 5476
 5478
 5479
 5481
 5493
 5494
 5495
 5496
 5498
 5499
 5500
 5501
 5502
 5504
 5506
 5507
 5509
 5510
 5511
 5514
 5515
 5516
 5518
 5519
 5520
 5521
 5523
 5524
 5525
 5526
 5527
 5528
 5529
 5530
 5531
 5532
 5533
 5537
 5538
 5539
 5540
 5544
 5545
 5546
 5547
 5549
 5551
 5552
 5553
 5554
 5555
 5557
 5558
 5562
 5563
 5564
 5565
 5566
 5567
 5568
 5569
 5571
 5573
 5576
 5577
 5578
 5579
 5580
 5581
 5582
 5583
 5584
 5585
 5586
 5587
 5588
 5589
 5590
 5591
 5592
 5593
 5594
 5595
 5597
 5598
 5599
 5600
 5601
 5602
 5603
 5604
 5605
 5606
 5607
 5608
 5609
 5610
 5611
 5612
 5613
 5617
 5618
 5619
 5620
 5621
 5624
 5625
 5627
 5629
 5630
 5631
 5634
 5635
 5636
 5638
 5639
 5644
 5645
 5646
 5648
 5649
 5651
 5654
 5655
 5657
 5660
 5662
 5663
 5664
 5669
 5671
 5673
 5675
 5678
 5682
 5683
 5684
 5685
 5686
 5687
 5688
 5689
 5690
 5691
 5692
 5693
 5694
 5695
 5696
 5698
 5699
 5700
 5701
 5702
 5704
 5705
 5706
 5707
 5708
 5709
 5710
 5711
 5713
 5714
 5715
 5716
 5717
 5718
 5719
 5720
 5721
 5724
 5725
 5727
 5728
 5729
 5730
 5737
 5739
 5740
 5741
 5742
 5743
 5744
 5745
 5746
 5753
 5754
 5756
 5757
 5764
 5770
 5771
 5774
 5775
 5777
 5778
 5780
 5781
 5782
 5783
 5784
 5786
 5787
 5788
 5789
 5790
 5791
 5792
 5793
 5795
 5796
 5797
 5798
 5799
 5800
 5801
 5802
 5803
 5806
 5810
 5813
 5817
 5818
 5819
 5820
 5822
 5824
 5825
 5826
 5827
 5828
 5829
 5830
 5833
 5834
 5836
 5837
 5858
 5859
 5860
 5861
 5862
 5863
 5864
 5865
 5866
 5867
 5868
 5869
 5870
 5871
 5872
 5873
 5874
 5875
 5876
 5877
 5878
 5879
 5880
 5881
 5883
 5884
 5885
 5886
 5887
 5888
 5889
 5890
 5891
 5892
 5893
 5894
 5896
 5897
 5898
 5899
 5900
 5901
 5902
 5903
 5905
 5906
 5908
 5909
 5910
 5911
 5912
 5913
 5914
 5915
 5916
 5917
 5920
 5921
 5922
 5923
 5925
 5926
 5927
 5928
 5929
 5930
 5931
 5932
 5933
 5934
 5935
 5936
 5937
 5939
 5940
 5947
 5949
 5950
 5954
 5955
 5956
 5959
 5961
 5962
 5965
 5966
 5967
 5968
 5970
 5971
 5972
 5976
 5977
 5978
 5980
 5981
 5982
 5983
 5984
 5985
 5987
 5988
 5989
 5990
 5991
 5993
 5994
 5995
 5996
 5997
 5998
 5999
 6000
 6001
 6002
 6003
 6004
 6005
 6006
 6009
 6010
 6011
 6013
 6014
 6016
 6017
 6018
 6019
 6035
 6036
 6037
 6038
 6039
 6041
 6045
 6046
 6047
 6048
 6050
 6059
 6091
 6093
 6094
 6095
 6096
 6097
 6098
 6102
 6103
 6117
 6118
 6119
 6121
 6123
 6124
 6125
 6128
 6133
 6134
 6135
 6136
 6137
 6138
 6139
 6141
 6142
 6144
 6146
 6147
 6152
 6155
 6156
 6157
 6158
 6159
 6161
 6164
 6165
 6167
 6169
 6170
 6176
 6182
 6183
 6184
 6185
 6188
 6189
 6191
 6192
 6193
 6194
 6195
 6196
 6197
 6198
 6199
 6201
 6202
 6203
 6206
 6207
 6208
 6209
 6210
 6217
 6218
 6222
 6224
 6227
 6229
 6230
 6231
 6232
 6233
 6234
 6235
 6236
 6237
 6239
 6240
 6241
 6247
 6249
 6251
 6252
 6253
 6256
 6257
 6258
 6259
 6261
 6262
 6263
 6271
 6272
 6273
 6274
 6275
 6276
 6277
 6278
 6279
 6280
 6281
 6282
 6283
 6285
 6286
 6288
 6291
 6293
 6294
 6295
 6297
 6299
 6300
 6301
 6302
 6303
 6304
 6305
 6310
 6311
 6314
 6315
 6317
 6318
 6319
 6320
 6322
 6324
 6326
 6327
 6328
 6329
 6331
 6334
 6336
 6337
 6338
 6339
 6340
 6342
 6344
 6346
 6347
 6348
 6351
 6352
 6354
 6355
 6356
 6357
 6358
 6360
 6361
 6362
 6363
 6364
 6366
 6367
 6368
 6369
 6370
 6372
 6373
 6374
 6375
 6376
 6382
 6385
 6386
 6387
 6388
 6389
 6390
 6391
 6392
 6396
 6398
 6399
 6400
 6401
 6402
 6403
 6404
 6405
 6406
 6407
 6415
 6416
 6418
 6421
 6422
 6425
 6426
 6427
 6428
 6429
 6430
 6431
 6432
 6433
 6434
 6439
 6440
 6441
 6442
 6443
 6444
 6445
 6446
 6447
 6448
 6449
 6450
 6451
 6452
 6453
 6455
 6456
 6457
 6461
 6462
 6464
 6469
 6470
 6472
 6473
 6474
 6477
 6478
 6480
 6483
 6484
 6490
 6492
 6493
 6494
 6495
 6496
 6497
 6498
 6499
 6500
 6502
 6503
 6504
 6505
 6506
 6507
 6508
 6509
 6510
 6511
 6513
 6514
 6515
 6517
 6518
 6519
 6520
 6521
 6522
 6523
 6525
 6526
 6531
 6532
 6535
 6536
 6545
 6546
 6548
 6549
 6553
 6554
 6556
 6557
 6558
 6559
 6560
 6564
 6565
 6566
 6568
 6569
 6572
 6573
 6574
 6575
 6576
 6578
 6579
 6580
 6581
 6582
 6583
 6585
 6586
 6588
 6590
 6594
 6595
 6597
 6598
 6599
 6601
 6602
 6603
 6604
 6605
 6606
 6607
 6608
 6610
 6611
 6612
 6613
 6615
 6616
 6617
 6618
 6619
 6620
 6621
 6622
 6623
 6624
 6625
 6626
 6627
 6628
 6629
 6631
 6632
 6633
 6634
 6635
 6636
 6637
 6638
 6640
 6641
 6642
 6643
 6645
 6647
 6648
 6651
 6652
 6653
 6654
 6657
 6658
 6659
 6662
 6663
 6664
 6667
 6668
 6670
 6671
 6672
 6676
 6678
 6683
 6687
 6688
 6689
 6690
 6692
 6695
 6696
 6697
 6702
 6707
 6709
 6710
 6711
 6712
 6713
 6714
 6715
 6716
 6717
 6720
 6721
 6722
 6723
 6726
 6727
 6728
 6729
 6730
 6731
 6732
 6733
 6734
 6736
 6737
 6738
 6741
 6742
 6744
 6745
 6746
 6747
 6748
 6749
 6751
 6752
 6753
 6754
 6755
 6756
 6757
 6759
 6760
 6764
 6767
 6768
 6770
 6772
 6773
 6774
 6775
 6776
 6777
 6778
 6779
 6780
 6781
 6782
 6783
 6786
 6787
 6788
 6789
 6790
 6792
 6794
 6795
 6804
 6809
 6810
 6812
 6813
 6814
 6817
 6819
 6820
 6821
 6822
 6827
 6829
 6832
 6833
 6834
 6835
 6837
 6839
 6840
 6843
 6844
 6845
 6846
 6850
 6853
 6854
 6855
 6856
 6857
 6861
 6862
 6863
 6865
 6866
 6867
 6868
 6869
 6870
 6871
 6872
 6873
 6874
 6875
 6876
 6877
 6878
 6879
 6880
 6881
 6882
 6883
 6885
 6888
 6890
 6891
 6892
 6895
 6897
 6898
 6899
 6900
 6901
 6902
 6903
 6904
 6905
 6906
 6907
 6908
 6909
 6910
 6911
 6915
 6916
 6917
 6919
 6921
 6923
 6924
 6925
 6926
 6928
 6929
 6934
 6936
 6938
 6940
 6942
 6943
 6944
 6947
 6948
 6949
 6950
 6954
 6967
 6988
 6990
 6992
 6993
 6996
 6997
 6999
 7003
 7004
 7005
 7006
 7007
 7008
 7009
 7010
 7011
 7013
 7014
 7015
 7016
 7018
 7019
 7020
 7021
 7022
 7023
 7024
 7025
 7026
 7027
 7029
 7030
 7031
 7032
 7033
 7035
 7036
 7037
 7038
 7039
 7040
 7041
 7042
 7043
 7045
 7046
 7048
 7049
 7050
 7051
 7052
 7053
 7054
 7056
 7057
 7058
 7059
 7060
 7064
 7066
 7067
 7068
 7070
 7071
 7072
 7073
 7074
 7075
 7076
 7077
 7078
 7079
 7080
 7082
 7083
 7084
 7086
 7088
 7089
 7090
 7091
 7094
 7095
 7096
 7097
 7098
 7099
 7100
 7101
 7102
 7104
 7105
 7106
 7108
 7109
 7110
 7111
 7112
 7114
 7122
 7123
 7124
 7125
 7126
 7128
 7130
 7132
 7133
 7134
 7135
 7136
 7137
 7138
 7139
 7140
 7141
 7142
 7143
 7150
 7153
 7155
 7156
 7157
 7158
 7159
 7161
 7162
 7163
 7164
 7165
 7166
 7167
 7168
 7169
 7170
 7171
 7173
 7174
 7175
 7178
 7180
 7181
 7182
 7184
 7185
 7186
 7187
 7188
 7189
 7200
 7201
 7203
 7204
 7205
 7216
 7220
 7222
 7223
 7224
 7225
 7226
 7227
 7247
 7248
 7249
 7251
 7252
 7253
 7257
 7262
 7263
 7265
 7266
 7268
 7270
 7273
 7275
 7276
 7278
 7280
 7283
 7284
 7286
 7287
 7288
 7289
 7290
 7292
 7293
 7294
 7295
 7296
 7297
 7298
 7299
 7301
 7305
 7306
 7307
 7311
 7317
 7318
 7319
 7320
 7321
 7322
 7323
 7324
 7326
 7327
 7328
 7329
 7332
 7334
 7336
 7337
 7341
 7342
 7343
 7345
 7347
 7348
 7350
 7351
 7352
 7353
 7355
 7356
 7357
 7358
 7360
 7363
 7366
 7367
 7368
 7371
 7372
 7373
 7374
 7375
 7376
 7378
 7380
 7381
 7384
 7385
 7386
 7388
 7389
 7390
 7392
 7398
 7399
 7402
 7403
 7404
 7405
 7407
 7408
 7409
 7410
 7411
 7412
 7414
 7415
 7416
 7417
 7419
 7421
 7422
 7423
 7424
 7425
 7428
 7429
 7430
 7431
 7432
 7433
 7434
 7436
 7439
 7442
 7443
 7444
 7447
 7448
 7450
 7453
 7454
 7456
 7458
 7461
 7462
 7464
 7465
 7466
 7468
 7469
 7471
 7472
 7474
 7476
 7479
 7485
 7486
 7490
 7494
 7498
 7503
 7504
 7507
 7508
 7511
 7514
 7515
 7517
 7518
 7520
 7525
 7528
 7529
 7531
 7533
 7534
 7535
 7536
 7538
 7539
 7542
 7543
 7544
 7545
 7547
 7553
 7555
 7556
 7568
 7570
 7580
 7592
 7593
 7596
 7597
 7625
 7638
 7673
 7681
 7692
 7695
 7702
 7703
 7704
 7705
 7706
 7707
 7709
 7711
 7718
 7726
 7727
 7728
 7737
 7743
 7745
 7746
 7750
 7753
 7756
 7757
 7761
 7762
 7763
 7767
 7768
 7775
 7781
 7783
 7784
 7786
 7791
 7799
 7802
 7803
 7804
 7812
 7813
 7818
 7827
 7832
 7837
 7841
 7846
 7849
 7850
 7851
 7852
 7855
 7857
 7862
 7867
 7869
 7873
 7874
 7879
 7881
 7884
 7903
 7913
 7915
 7916
 7917
 7919
 7922
 7936
 7940
 7941
 7957
 7965
 7975
 7976
 7979
 7980
 7982
 7991
 8001
 8013
 8019
 8021
 8022
 8027
 8028
 8029
 8031
 8036
 8038
 8048
 8050
 8061
 8065
 8073
 8076
 8078
 8079
 8082
 8085
 8086
 8087
 8089
 8091
 8092
 8099
 8100
 8106
 8115
 8120
 8128
 8131
 8140
 8148
 8153
 8161
 8165
 8175
 8178
 8187
 8189
 8190
 8192
 8193
 8195
 8200
 8202
 8204
 8208
 8209
 8216
 8218
 8224
 8225
 8226
 8227
 8228
 8233
 8237
 8239
 8241
 8242
 8243
 8260
 8263
 8266
 8269
 8277
 8284
 8287
 8288
 8289
 8290
 8291
 8292
 8295
 8301
 8302
 8309
 8310
 8312
 8314
 8315
 8317
 8318
 8321
 8322
 8323
 8324
 8326
 8334
 8335
 8337
 8339
 8341
 8342
 8343
 8349
 8350
 8352
 8353
 8354
 8355
 8357
 8358
 8359
 8361
 8365
 8366
 8368
 8369
 8370
 8372
 8379
 8382
 8394
 8395
 8396
 8399
 8402
 8404
 8405
 8407
 8408
 8409
 8411
 8412
 8416
 8417
 8419
 8424
 8425
 8428
 8433
 8434
 8436
 8438
 8439
 8440
 8443
 8444
 8445
 8446
 8447
 8448
 8449
 8450
 8451
 8452
 8453
 8454
 8458
 8460
 8462
 8464
 8467
 8468
 8470
 8471
 8473
 8479
 8480
 8481
 8482
 8487
 8490
 8491
 8492
 8493
 8495
 8496
 8498
 8499
 8500
 8501
 8502
 8503
 8504
 8505
 8506
 8507
 8508
 8509
 8513
 8514
 8515
 8517
 8518
 8519
 8520
 8522
 8527
 8528
 8529
 8530
 8531
 8532
 8533
 8534
 8535
 8536
 8537
 8538
 8539
 8540
 8541
 8542
 8543
 8544
 8546
 8547
 8548
 8550
 8553
 8554
 8555
 8556
 8557
 8558
 8559
 8560
 8562
 8564
 8565
 8567
 8568
 8569
 8570
 8572
 8573
 8574
 8575
 8576
 8578
 8600
 8601
 8602
 8604
 8605
 8607
 8609
 8611
 8612
 8614
 8615
 8618
 8620
 8621
 8623
 8625
 8626
 8631
 8632
 8633
 8634
 8637
 8639
 8643
 8644
 8646
 8647
 8648
 8649
 8650
 8651
 8653
 8654
 8655
 8658
 8659
 8660
 8661
 8662
 8663
 8664
 8665
 8666
 8667
 8668
 8669
 8671
 8672
 8673
 8674
 8675
 8676
 8677
 8678
 8681
 8682
 8683
 8685
 8690
 8692
 8693
 8697
 8702
 8703
 8704
 8705
 8710
 8711
 8714
 8715
 8718
 8720
 8721
 8723
 8724
 8725
 8726
 8727
 8728
 8729
 8731
 8732
 8733
 8735
 8736
 8737
 8738
 8739
 8741
 8742
 8743
 8744
 8745
 8751
 8754
 8760
 8761
 8764
 8766
 8767
 8771
 8772
 8773
 8774
 8775
 8776
 8777
 8778
 8780
 8785
 8786
 8787
 8789
 8792
 8793
 8794
 8795
 8796
 8798
 8799
 8800
 8801
 8802
 8803
 8804
 8805
 8807
 8808
 8809
 8812
 8813
 8814
 8815
 8817
 8818
 8819
 8820
 8821
 8824
 8825
 8826
 8828
 8829
 8832
 8833
 8834
 8835
 8837
 8838
 8839
 8840
 8841
 8842
 8843
 8844
 8846
 8847
 8848
 8850
 8851
 8852
 8853
 8854
 8856
 8858
 8859
 8861
 8863
 8864
 8867
 8870
 8871
 8872
 8874
 8875
 8876
 8877
 8878
 8879
 8880
 8881
 8882
 8883
 8884
 8886
 8887
 8888
 8890
 8891
 8892
 8893
 8894
 8895
 8896
 8898
 8899
 8900
 8904
 8905
 8906
 8908
 8909
 8910
 8912
 8914
 8915
 8926
 8927
 8928
 8930
 8932
 8934
 8935
 8936
 8938
 8939
 8940
 8942
 8943
 8945
 8972
 8973
 8974
 8975
 8976
 8985
 8986
 8988
 8991
 8992
 8994
 8995
 8997
 8999
 9001
 9002
 9013
 9014
 9015
 9019
 9020
 9021
 9022
 9023
 9025
 9026
 9027
 9031
 9033
 9034
 9039
 9040
 9043
 9044
 9046
 9048
 9049
 9051
 9052
 9053
 9054
 9055
 9056
 9057
 9058
 9060
 9061
 9063
 9064
 9070
 9076
 9079
 9083
 9085
 9087
 9088
 9091
 9092
 9093
 9094
 9095
 9098
 9099
 9100
 9101
 9104
 9110
 9111
 9112
 9113
 9114
 9120
 9121
 9123
 9124
 9125
 9126
 9127
 9128
 9129
 9130
 9131
 9132
 9133
 9134
 9135
 9136
 9138
 9139
 9140
 9141
 9146
 9148
 9150
 9152
 9153
 9154
 9156
 9158
 9159
 9166
 9167
 9168
 9169
 9170
 9172
 9173
 9175
 9179
 9180
 9181
 9182
 9183
 9184
 9185
 9187
 9188
 9189
 9191
 9196
 9197
 9201
 9202
 9203
 9204
 9205
 9208
 9209
 9210
 9212
 9215
 9217
 9218
 9220
 9221
 9223
 9227
 9228
 9229
 9230
 9231
 9232
 9235
 9238
 9240
 9242
 9244
 9245
 9246
 9252
 9254
 9255
 9260
 9261
 9262
 9265
 9266
 9267
 9270
 9275
 9276
 9277
 9278
 9282
 9289
 9294
 9295
 9296
 9306
 9308
 9311
 9313
 9314
 9315
 9318
 9319
 9320
 9321
 9322
 9325
 9328
 9329
 9330
 9332
 9337
 9338
 9340
 9341
 9342
 9344
 9348
 9349
 9351
 9352
 9353
 9355
 9356
 9360
 9361
 9362
 9363
 9365
 9367
 9368
 9369
 9370
 9371
 9372
 9373
 9374
 9375
 9377
 9378
 9379
 9380
 9388
 9391
 9392
 9394
 9398
 9399
 9400
 9401
 9402
 9404
 9409
 9410
 9411
 9412
 9414
 9415
 9416
 9419
 9421
 9423
 9425
 9429
 9435
 9436
 9437
 9439
 9440
 9441
 9442
 9443
 9445
 9446
 9447
 9448
 9450
 9451
 9452
 9453
 9454
 9455
 9456
 9457
 9459
 9462
 9463
 9464
 9466
 9467
 9468
 9469
 9470
 9472
 9474
 9475
 9477
 9478
 9479
 9482
 9491
 9493
 9495
 9496
 9497
 9498
 9499
 9500
 9501
 9508
 9509
 9510
 9512
 9513
 9516
 9517
 9518
 9519
 9520
 9521
 9522
 9525
 9526
 9527
 9528
 9529
 9530
 9531
 9533
 9535
 9537
 9538
 9540
 9541
 9542
 9545
 9546
 9550
 9551
 9552
 9553
 9554
 9555
 9557
 9559
 9567
 9568
 9569
 9570
 9572
 9575
 9577
 9578
 9584
 9585
 9586
 9587
 9588
 9589
 9590
 9600
 9601
 9603
 9604
 9609
 9610
 9611
 9612
 9616
 9617
 9618
 9619
 9620
 9623
 9627
 9628
 9629
 9630
 9631
 9632
 9636
 9637
 9638
 9641
 9643
 9644
 9645
 9646
 9647
 9649
 9650
 9652
 9656
 9657
 9659
 9665
 9667
 9669
 9670
 9672
 9681
 9685
 9686
 9688
 9690
 9694
 9695
 9698
 9699
 9700
 9701
 9704
 9705
 9706
 9709
 9716
 9721
 9722
 9724
 9725
 9726
 9728
 9729
 9733
 9734
 9735
 9737
 9738
 9741
 9743
 9744
 9746
 9747
 9748
 9750
 9753
 9754
 9755
 9758
 9759
 9765
 9768
 9770
 9774
 9775
 9777
 9778
 9779
 9781
 9782
 9784
 9785
 9787
 9788
 9789
 9793
 9794
 9796
 9798
 9801
 9802
 9804
 9806
 9807
 9810
 9812
 9814
 9815
 9816
 9817
 9818
 9819
 9820
 9821
 9824
 9825
 9826
 9832
 9833
 9836
 9837
 9839
 9841
 9842
 9844
 9846
 9852
 9853
 9860
 9861
 9862
 9863
 9867
 9868
 9869
 9870
 9871
 9873
 9874
 9877
 9878
 9879
 9882
 9883
 9885
 9886
 9887
 9890
 9891
 9892
 9894
 9896
 9897
 9898
 9899
 9900
 9901
 9905
 9911
 9912
 9913
 9914
 9915
 9918
 9919
 9921
 9924
 9925
 9926
 9927
 9931
 9933
 9934
 9935
 9936
 9939
 9942
 9943
 9945
 9946
 9947
 9948
 9949
 9950
 9953
 9955
 9956
 9958
 9961
 9962
 9966
 9967
 9968
 9969
 9970
 9971
 9972
 9973
 9975
 9976
 9978
 9982
 9984
 9985
 9987
 9988
 9989
 9990
 9991
 9994
 9997
 10000
 10001
 10002
 10006
 10007
 10009
 10010
 10013
 10014
 10015
 10016
 10017
 10018
 10019
 10021
 10023
 10024
 10025
 10026
 10036
 10038
 10039
 10040
 10043
 10044
 10045
 10048
 10049
 10051
 10052
 10053
 10054
 10055
 10057
 10059
 10060
 10062
 10063
 10066
 10067
 10068
 10069
 10072
 10073
 10076
 10077
 10079
 10082
 10083
 10084
 10085
 10086
 10087
 10089
 10092
 10093
 10094
 10095
 10096
 10097
 10099
 10101
 10102
 10109
 10110
 10111
 10112
 10113
 10114
 10116
 10120
 10121
 10123
 10124
 10125
 10126
 10127
 10128
 10129
 10130
 10131
 10133
 10134
 10135
 10137
 10138
 10139
 10140
 10142
 10146
 10148
 10149
 10152
 10153
 10154
 10155
 10156
 10157
 10158
 10159
 10161
 10162
 10163
 10164
 10165
 10168
 10169
 10174
 10179
 10180
 10181
 10188
 10190
 10197
 10199
 10200
 10203
 10204
 10206
 10207
 10208
 10209
 10210
 10211
 10212
 10213
 10214
 10219
 10220
 10224
 10226
 10228
 10229
 10230
 10231
 10233
 10235
 10236
 10237
 10238
 10239
 10240
 10241
 10243
 10244
 10245
 10246
 10247
 10248
 10249
 10250
 10252
 10253
 10254
 10256
 10257
 10260
 10262
 10263
 10266
 10267
 10268
 10269
 10270
 10272
 10273
 10274
 10276
 10278
 10279
 10280
 10282
 10284
 10285
 10286
 10287
 10288
 10289
 10291
 10293
 10294
 10295
 10296
 10297
 10298
 10300
 10301
 10302
 10307
 10309
 10311
 10312
 10313
 10314
 10316
 10318
 10319
 10320
 10321
 10325
 10327
 10328
 10330
 10332
 10333
 10342
 10345
 10347
 10351
 10352
 10360
 10362
 10363
 10365
 10367
 10368
 10369
 10370
 10371
 10376
 10379
 10381
 10382
 10383
 10391
 10392
 10393
 10395
 10397
 10398
 10399
 10400
 10401
 10403
 10404
 10406
 10411
 10412
 10413
 10419
 10420
 10421
 10422
 10423
 10425
 10426
 10427
 10428
 10430
 10431
 10432
 10434
 10435
 10436
 10437
 10438
 10440
 10443
 10445
 10446
 10449
 10450
 10451
 10454
 10455
 10456
 10457
 10458
 10460
 10461
 10463
 10465
 10466
 10467
 10468
 10469
 10471
 10472
 10473
 10474
 10476
 10477
 10478
 10480
 10481
 10482
 10483
 10484
 10486
 10487
 10488
 10489
 10490
 10491
 10492
 10494
 10495
 10497
 10498
 10499
 10500
 10501
 10505
 10507
 10512
 10513
 10514
 10516
 10518
 10519
 10521
 10522
 10523
 10524
 10526
 10527
 10528
 10529
 10531
 10533
 10534
 10535
 10537
 10538
 10539
 10540
 10541
 10542
 10544
 10549
 10550
 10551
 10552
 10553
 10554
 10555
 10556
 10557
 10558
 10559
 10560
 10562
 10563
 10564
 10565
 10566
 10567
 10570
 10571
 10573
 10574
 10575
 10576
 10577
 10579
 10580
 10585
 10588
 10589
 10590
 10591
 10592
 10594
 10598
 10599
 10600
 10602
 10603
 10605
 10606
 10607
 10608
 10611
 10612
 10613
 10614
 10615
 10617
 10618
 10620
 10621
 10622
 10625
 10626
 10628
 10629
 10630
 10632
 10633
 10635
 10637
 10640
 10645
 10650
 10651
 10652
 10653
 10656
 10657
 10658
 10659
 10660
 10661
 10664
 10666
 10667
 10670
 10672
 10675
 10677
 10681
 10682
 10691
 10692
 10693
 10694
 10713
 10714
 10716
 10723
 10724
 10726
 10728
 10730
 10733
 10734
 10735
 10736
 10738
 10739
 10741
 10743
 10745
 10746
 10747
 10749
 10750
 10752
 10753
 10755
 10758
 10762
 10765
 10766
 10767
 10768
 10769
 10771
 10772
 10775
 10782
 10785
 10787
 10788
 10791
 10797
 10799
 10801
 10802
 10803
 10807
 10808
 10810
 10813
 10817
 10818
 10825
 10840
 10844
 10845
 10846
 10847
 10848
 10850
 10855
 10856
 10857
 10859
 10863
 10864
 10868
 10874
 10877
 10878
 10880
 10881
 10884
 10885
 10891
 10892
 10897
 10898
 10899
 10900
 10901
 10902
 10905
 10907
 10908
 10911
 10912
 10913
 10914
 10915
 10916
 10919
 10920
 10921
 10923
 10924
 10926
 10927
 10928
 10930
 10933
 10934
 10935
 10938
 10939
 10940
 10941
 10943
 10944
 10945
 10946
 10947
 10948
 10949
 10950
 10951
 10952
 10953
 10954
 10955
 10956
 10957
 10959
 10961
 10963
 10969
 10970
 10971
 10972
 10978
 10979
 10980
 10981
 10982
 10983
 10985
 10987
 10988
 10989
 10991
 10992
 10994
 10998
 11001
 11004
 11005
 11006
 11009
 11010
 11011
 11016
 11018
 11019
 11020
 11021
 11022
 11026
 11030
 11031
 11033
 11034
 11036
 11040
 11041
 11043
 11044
 11045
 11047
 11051
 11052
 11054
 11056
 11057
 11060
 11061
 11063
 11064
 11065
 11066
 11068
 11069
 11070
 11072
 11073
 11074
 11075
 11077
 11078
 11079
 11080
 11082
 11092
 11094
 11095
 11096
 11098
 11099
 11100
 11102
 11103
 11104
 11107
 11108
 11113
 11117
 11118
 11120
 11123
 11124
 11127
 11129
 11131
 11133
 11135
 11137
 11140
 11141
 11142
 11143
 11144
 11145
 11146
 11147
 11148
 11151
 11153
 11154
 11155
 11157
 11158
 11161
 11162
 11165
 11168
 11170
 11171
 11173
 11176
 11177
 11178
 11180
 11181
 11182
 11183
 11184
 11186
 11187
 11188
 11189
 11190
 11191
 11193
 11194
 11196
 11198
 11200
 11201
 11202
 11211
 11213
 11214
 11215
 11216
 11221
 11222
 11224
 11226
 11228
 11230
 11231
 11234
 11235
 11236
 11243
 11248
 11252
 11257
 11258
 11260
 11261
 11264
 11266
 11267
 11269
 11273
 11274
 11275
 11277
 11278
 11279
 11280
 11282
 11283
 11284
 11309
 11311
 11313
 11315
 11316
 11318
 11319
 11321
 11325
 11329
 11330
 11331
 11333
 11335
 11336
 11337
 11338
 11339
 11340
 11343
 11344
 11345
 11346
 22794
 22795
 22796
 22797
 22800
 22806
 22807
 22808
 22809
 22818
 22820
 22821
 22822
 22823
 22824
 22826
 22827
 22838
 22839
 22841
 22848
 22849
 22853
 22858
 22859
 22861
 22862
 22866
 22868
 22870
 22871
 22872
 22873
 22877
 22878
 22879
 22881
 22882
 22883
 22884
 22885
 22887
 22888
 22889
 22893
 22894
 22895
 22897
 22899
 22902
 22905
 22906
 22908
 22909
 22911
 22913
 22916
 22918
 22919
 22920
 22921
 22924
 22925
 22926
 22927
 22928
 22929
 22933
 22934
 22936
 22937
 22938
 22941
 22943
 22944
 22948
 22950
 22954
 22955
 22974
 22976
 22977
 22978
 22980
 22981
 22982
 22984
 22985
 22986
 22989
 22995
 22998
 22999
 23002
 23012
 23013
 23014
 23016
 23017
 23019
 23020
 23022
 23023
 23025
 23026
 23028
 23030
 23031
 23032
 23035
 23037
 23038
 23039
 23040
 23045
 23048
 23049
 23051
 23054
 23059
 23062
 23063
 23071
 23072
 23075
 23077
 23082
 23085
 23089
 23090
 23092
 23093
 23094
 23095
 23097
 23098
 23099
 23107
 23111
 23112
 23113
 23114
 23118
 23119
 23122
 23126
 23127
 23132
 23136
 23138
 23139
 23140
 23145
 23148
 23149
 23154
 23157
 23161
 23162
 23163
 23164
 23165
 23169
 23170
 23171
 23173
 23174
 23176
 23178
 23179
 23181
 23186
 23190
 23191
 23192
 23193
 23194
 23195
 23199
 23203
 23204
 23207
 23208
 23209
 23210
 23212
 23214
 23216
 23219
 23220
 23221
 23223
 23224
 23225
 23228
 23229
 23231
 23233
 23235
 23236
 23237
 23239
 23241
 23244
 23246
 23248
 23250
 23254
 23256
 23262
 23263
 23265
 23266
 23268
 23270
 23272
 23277
 23279
 23281
 23283
 23285
 23286
 23287
 23291
 23293
 23299
 23301
 23303
 23304
 23306
 23307
 23308
 23309
 23310
 23312
 23313
 23315
 23321
 23325
 23326
 23327
 23331
 23332
 23333
 23336
 23339
 23344
 23345
 23348
 23350
 23353
 23355
 23357
 23360
 23365
 23368
 23369
 23370
 23371
 23376
 23378
 23382
 23385
 23386
 23390
 23392
 23395
 23396
 23397
 23399
 23400
 23404
 23405
 23408
 23409
 23410
 23411
 23412
 23413
 23414
 23415
 23417
 23418
 23420
 23421
 23424
 23426
 23428
 23429
 23431
 23433
 23435
 23438
 23443
 23450
 23451
 23452
 23457
 23462
 23463
 23464
 23468
 23474
 23475
 23476
 23478
 23479
 23480
 23481
 23484
 23493
 23495
 23498
 23499
 23506
 23509
 23510
 23512
 23513
 23517
 23518
 23521
 23522
 23523
 23524
 23527
 23528
 23529
 23532
 23533
 23534
 23536
 23539
 23541
 23542
 23543
 23549
 23555
 23556
 23560
 23564
 23566
 23568
 23580
 23583
 23585
 23586
 23587
 23588
 23589
 23590
 23592
 23593
 23594
 23595
 23596
 23597
 23598
 23600
 23601
 23604
 23607
 23608
 23613
 23616
 23619
 23620
 23621
 23623
 23624
 23626
 23633
 23635
 23636
 23637
 23639
 23640
 23641
 23643
 23644
 23645
 23647
 23649
 23650
 23654
 23657
 23658
 23659
 23660
 23673
 23677
 23678
 23705
 23708
 23729
 23741
 23746
 23759
 23760
 23761
 23764
 23765
 23770
 23774
 23779
 23786
 24137
 24138
 24139
 24140
 24142
 24144
 24148
 24149
 25759
 25764
 25776
 25777
 25782
 25788
 25790
 25792
 25793
 25794
 25796
 25799
 25800
 25801
 25802
 25803
 25804
 25805
 25806
 25809
 25813
 25818
 25819
 25820
 25821
 25822
 25825
 25827
 25828
 25833
 25836
 25837
 25839
 25840
 25841
 25842
 25843
 25844
 25850
 25851
 25852
 25855
 25861
 25864
 25865
 25873
 25874
 25876
 25879
 25890
 25896
 25897
 25898
 25900
 25906
 25909
 25913
 25915
 25920
 25926
 25928
 25932
 25936
 25937
 25939
 25940
 25941
 25945
 25949
 25956
 25957
 25963
 25970
 25975
 25976
 25977
 25978
 25979
 25980
 25983
 25988
 25996
 25998
 26000
 26003
 26010
 26012
 26015
 26017
 26019
 26033
 26036
 26037
 26038
 26039
 26040
 26045
 26047
 26054
 26056
 26058
 26059
 26060
 26065
 26073
 26085
 26088
 26092
 26098
 26100
 26108
 26115
 26119
 26121
 26128
 26133
 26135
 26136
 26137
 26146
 26148
 26150
 26151
 26152
 26155
 26156
 26168
 26173
 26190
 26191
 26205
 26207
 26225
 26227
 26228
 26232
 26234
 26235
 26238
 26240
 26249
 26261
 26266
 26271
 26272
 26275
 26276
 26277
 26279
 26286
 26289
 26292
 26297
 26298
 26353
 26354
 26468
 26469
 26471
 26502
 26503
 26504
 26505
 26507
 26508
 26509
 26511
 26515
 26517
 26519
 26520
 26523
 26525
 26528
 26548
 26574
 26575
 26576
 26577
 26578
 26580
 26582
 26584
 26608
 26610
 26747
 26750
 26751
 26762
 26958
 26959
 26960
 26986
 26993
 26994
 26999
 27000
 27004
 27005
 27018
 27019
 27020
 27030
 27032
 27033
 27034
 27036
 27040
 27042
 27043
 27044
 27063
 27065
 27067
 27068
 27069
 27077
 27086
 27087
 27089
 27091
 27092
 27095
 27097
 27102
 27107
 27109
 27113
 27121
 27122
 27123
 27125
 27128
 27129
 27130
 27131
 27141
 27156
 27158
 27161
 27165
 27173
 27175
 27178
 27179
 27180
 27181
 27183
 27185
 27190
 27229
 27231
 27232
 27236
 27238
 27240
 27242
 27243
 27244
 27247
 27249
 27250
 27252
 27255
 27257
 27258
 27285
 27288
 27289
 27292
 27296
 27297
 27301
 27304
 27306
 27309
 27314
 27316
 27329
 27330
 27332
 27333
 27334
 27335
 27336
 27339
 27340
 27342
 27343
 27347
 27429
 27430
 27436
 27440
 28227
 28234
 28511
 28513
 28952
 28954
 28955
 28956
 28957
 28959
 28960
 28962
 28964
 28965
 28966
 28971
 28973
 28977
 28983
 28985
 28986
 28996
 28999
 29058
 29062
 29066
 29068
 29072
 29074
 29075
 29078
 29079
 29080
 29082
 29083
 29086
 29087
 29088
 29091
 29093
 29095
 29098
 29099
 29100
 29102
 29104
 29105
 29106
 29107
 29108
 29109
 29110
 29115
 29116
 29117
 29118
 29119
 29121
 29123
 29127
 29760
 29763
 29766
 29767
 29777
 29780
 29781
 29789
 29798
 29802
 29803
 29842
 29844
 29851
 29880
 29881
 29882
 29883
 29888
 29889
 29890
 29893
 29894
 29896
 29899
 29902
 29903
 29907
 29911
 29916
 29922
 29925
 29926
 29927
 29928
 29935
 29942
 29944
 29946
 29947
 29949
 29953
 29954
 29956
 29959
 29964
 29966
 29968
 29970
 29974
 29978
 29980
 29984
 29986
 29988
 29990
 29992
 29994
 29997
 29998
 30000
 30001
 30008
 30012
 30062
 30811
 30813
 30819
 30820
 30827
 30835
 30836
 30837
 30844
 30845
 30846
 30849
 30851
 30968
 43849
 49855
 50488
 50489
 50506
 50509
 50512
 50616
 50617
 50618
 50626
 50628
 50632
 50640
 50649
 50650
 50674
 50700
 50717
 50804
 50805
 50807
 50810
 50813
 50848
 50852
 50855
 50856
 50859
 50861
 50862
 50940
 50943
 51001
 51002
 51003
 51004
 51008
 51009
 51011
 51012
 51013
 51015
 51016
 51019
 51022
 51023
 51024
 51025
 51026
 51027
 51029
 51035
 51042
 51053
 51054
 51067
 51068
 51069
 51070
 51072
 51073
 51074
 51075
 51076
 51077
 51078
 51079
 51081
 51082
 51083
 51085
 51087
 51092
 51094
 51096
 51098
 51100
 51102
 51103
 51105
 51106
 51107
 51108
 51109
 51110
 51115
 51117
 51118
 51121
 51123
 51124
 51125
 51127
 51133
 51134
 51135
 51136
 51138
 51142
 51143
 51147
 51150
 51151
 51154
 51155
 51157
 51160
 51163
 51164
 51167
 51168
 51171
 51172
 51176
 51177
 51179
 51182
 51184
 51185
 51187
 51191
 51196
 51199
 51202
 51204
 51205
 51206
 51207
 51222
 51224
 51226
 51227
 51232
 51236
 51237
 51257
 51265
 51266
 51268
 51274
 51278
 51280
 51283
 51285
 51287
 51291
 51295
 51298
 51304
 51306
 51307
 51309
 51316
 51317
 51319
 51322
 51324
 51326
 51327
 51329
 51330
 51332
 51340
 51343
 51347
 51348
 51352
 51360
 51361
 51362
 51363
 51364
 51365
 51366
 51367
 51374
 51375
 51377
 51378
 51380
 51382
 51385
 51386
 51388
 51389
 51398
 51399
 51400
 51406
 51409
 51412
 51421
 51422
 51426
 51428
 51433
 51438
 51440
 51441
 51442
 51444
 51447
 51450
 51451
 51454
 51455
 51458
 51460
 51465
 51466
 51475
 51477
 51491
 51493
 51495
 51497
 51501
 51504
 51506
 51507
 51510
 51513
 51514
 51517
 51520
 51526
 51535
 51547
 51548
 51550
 51552
 51554
 51555
 51557
 51559
 51560
 51561
 51562
 51564
 51566
 51567
 51569
 51573
 51575
 51582
 51585
 51586
 51588
 51592
 51593
 51594
 51599
 51601
 51603
 51604
 51606
 51611
 51616
 51617
 51619
 51621
 51626
 51631
 51634
 51637
 51642
 51643
 51646
 51647
 51651
 51654
 51657
 51659
 51660
 51663
 51668
 51669
 51678
 51690
 51691
 51693
 51696
 51700
 51701
 51704
 51705
 51706
 51710
 51714
 51719
 51720
 51727
 51728
 51729
 51734
 51735
 51741
 51742
 51744
 51747
 51751
 51752
 51755
 51759
 51762
 51763
 51764
 51765
 51773
 51776
 51778
 51780
 51805
 51806
 51807
 53335
 53339
 53340
 53358
 53371
 53373
 53405
 53407
 53615
 53616
 53630
 53635
 53832
 53904
 53905
 53916
 53918
 54020
 54101
 54107
 54149
 54165
 54209
 54210
 54212
 54332
 54344
 54363
 54386
 54407
 54413
 54431
 54433
 54434
 54438
 54440
 54442
 54455
 54458
 54462
 54469
 54471
 54472
 54474
 54475
 54476
 54477
 54482
 54494
 54496
 54498
 54499
 54502
 54504
 54505
 54507
 54512
 54514
 54516
 54517
 54518
 54520
 54521
 54529
 54531
 54532
 54535
 54538
 54540
 54541
 54544
 54546
 54550
 54551
 54552
 54554
 54555
 54556
 54558
 54566
 54578
 54581
 54584
 54585
 54606
 54622
 54623
 54658
 54663
 54676
 54677
 54680
 54700
 54707
 54715
 54739
 54741
 54751
 54766
 54769
 54778
 54780
 54785
 54793
 54796
 54797
 54802
 54805
 54807
 54808
 54810
 54812
 54813
 54814
 54815
 54816
 54819
 54820
 54826
 54830
 54834
 54840
 54843
 54850
 54851
 54852
 54853
 54855
 54856
 54857
 54862
 54866
 54867
 54869
 54873
 54874
 54878
 54880
 54881
 54882
 54883
 54885
 54892
 54900
 54901
 54902
 54903
 54904
 54908
 54910
 54913
 54919
 54922
 54925
 54927
 54929
 54932
 54933
 54937
 54938
 54939
 54942
 54943
 54951
 54955
 54957
 54961
 54963
 54968
 54969
 54971
 54972
 54973
 54974
 54976
 54977
 54978
 54980
 54981
 54985
 54987
 54994
 54995
 54997
 55001
 55003
 55005
 55006
 55011
 55012
 55013
 55014
 55020
 55023
 55024
 55027
 55030
 55031
 55032
 55034
 55035
 55037
 55039
 55040
 55041
 55048
 55049
 55052
 55054
 55061
 55062
 55064
 55068
 55070
 55072
 55079
 55080
 55081
 55088
 55089
 55090
 55092
 55093
 55100
 55101
 55102
 55105
 55107
 55108
 55109
 55110
 55111
 55114
 55116
 55119
 55120
 55124
 55125
 55127
 55130
 55131
 55133
 55139
 55140
 55142
 55143
 55144
 55145
 55147
 55153
 55156
 55157
 55160
 55161
 55163
 55164
 55165
 55168
 55176
 55178
 55179
 55180
 55184
 55186
 55188
 55190
 55191
 55192
 55193
 55195
 55198
 55199
 55200
 55201
 55207
 55211
 55212
 55217
 55218
 55224
 55227
 55229
 55231
 55233
 55236
 55239
 55240
 55243
 55244
 55245
 55246
 55249
 55258
 55262
 55264
 55266
 55269
 55272
 55274
 55275
 55277
 55278
 55280
 55281
 55284
 55286
 55290
 55291
 55294
 55295
 55296
 55297
 55299
 55308
 55311
 55312
 55319
 55320
 55322
 55324
 55325
 55327
 55329
 55333
 55334
 55337
 55339
 55347
 55350
 55353
 55355
 55365
 55366
 55367
 55374
 55379
 55388
 55425
 55435
 55486
 55500
 55506
 55507
 55510
 55540
 55565
 55568
 55573
 55577
 55589
 55591
 55596
 55603
 55612
 55613
 55617
 55619
 55620
 55621
 55622
 55625
 55627
 55629
 55631
 55633
 55638
 55643
 55644
 55651
 55655
 55656
 55658
 55660
 55661
 55662
 55663
 55664
 55666
 55670
 55671
 55679
 55680
 55683
 55686
 55687
 55690
 55692
 55695
 55696
 55699
 55700
 55701
 55702
 55703
 55705
 55706
 55707
 55709
 55713
 55716
 55718
 55720
 55722
 55723
 55726
 55728
 55729
 55733
 55734
 55737
 55738
 55739
 55740
 55741
 55742
 55743
 55746
 55748
 55750
 55752
 55753
 55754
 55755
 55756
 55758
 55759
 55761
 55762
 55763
 55764
 55766
 55770
 55771
 55775
 55781
 55784
 55791
 55793
 55794
 55795
 55798
 55802
 55803
 55805
 55806
 55809
 55811
 55813
 55815
 55816
 55819
 55827
 55832
 55835
 55836
 55837
 55839
 55840
 55843
 55844
 55846
 55848
 55850
 55854
 55855
 55856
 55859
 55860
 55861
 55863
 55867
 55870
 55872
 55884
 55885
 55888
 55890
 55905
 55906
 55914
 55915
 55916
 55922
 55930
 55937
 55957
 55966
 55968
 55969
 55970
 55972
 56001
 56006
 56034
 56144
 56243
 56252
 56257
 56288
 56300
 56301
 56302
 56311
 56339
 56341
 56342
 56474
 56478
 56521
 56605
 56616
 56623
 56647
 56648
 56650
 56654
 56667
 56681
 56683
 56729
 56834
 56850
 56886
 56888
 56892
 56893
 56894
 56895
 56896
 56897
 56899
 56901
 56902
 56904
 56905
 56906
 56910
 56911
 56912
 56915
 56922
 56924
 56928
 56929
 56935
 56937
 56940
 56942
 56943
 56944
 56945
 56948
 56949
 56955
 56984
 56986
 56992
 56993
 56996
 56997
 56998
 56999
 57001
 57003
 57016
 57017
 57018
 57019
 57035
 57045
 57047
 57048
 57050
 57062
 57088
 57092
 57096
 57097
 57099
 57101
 57107
 57109
 57111
 57113
 57122
 57125
 57126
 57127
 57128
 57132
 57135
 57136
 57140
 57142
 57144
 57147
 57154
 57157
 57158
 57161
 57165
 57178
 57179
 57180
 57187
 57191
 57192
 57194
 57213
 57214
 57223
 57326
 57332
 57333
 57336
 57338
 57343
 57380
 57396
 57402
 57403
 57405
 57406
 57472
 57485
 57486
 57498
 57502
 57509
 57515
 57534
 57551
 57553
 57556
 57559
 57570
 57576
 57591
 57596
 57599
 57602
 57604
 57610
 57626
 57634
 57644
 57658
 57664
 57707
 57715
 57731
 57794
 57804
 57817
 57819
 57821
 57823
 57826
 57827
 57834
 57862
 58155
 58157
 58158
 58190
 58472
 58473
 58477
 58478
 58487
 58494
 58497
 58498
 58500
 58511
 58513
 58516
 58526
 58528
 58529
 58533
 58985
 59338
 59345
 60312
 60370
 60412
 60436
 60439
 60488
 60496
 60528
 60558
 60684
 60685
 63827
 63893
 63931
 63935
 64061
 64083
 64087
 64137
 64210
 64223
 64422
 64689
 64714
 64743
 64746
 64757
 64759
 64770
 64772
 64777
 64780
 64785
 64786
 64793
 64795
 64800
 64834
 64841
 64849
 64854
 65003
 65010
 65057
 65108
 65110
 65117
 65263
 66008
 66036
 78987
 79009
 79033
 79084
 79090
 79092
 79136
 79139
 79159
 79370
 79612
 79712
 79791
 79882
 79885
 79886
 79892
 79989
 80031
 80155
 80179
 80198
 80216
 80256
 80267
 80273
 80279
 80306
 80308
 80324
 80347
 80380
 80742
 80777
 80781
 81488
 81542
 81565
 81566
 81576
 81605
 81608
 81614
 81620
 81628
 81669
 81671
 81689
 81831
 81857
 81875
 83481
 83637
 83658
 83660
 83737
 83988
 84060
 84148
 84162
 84164
 84168
 84172
 84220
 84271
 84324
 84656
 84726
 84759
 84823
 84991
 85236
 85461
 85476
 89795
 89796
 89910
 90060
 90121
 90410
 90411
 90627
 90806
 90956
 90993
 91647
 91754
 91949
 91977
 92211
 92342
 92856
 93643
 93974
 94039
 94104
 112398
 112479
 113878
 114049
 114088
 114112
 114327
 114625
 114908
 114932
 116832
 116985
 116986
 116987
 117178
 117246
 125058
 140462
 140465
 140609
 140803
 140885
 146691
 148022
 151987
 154796
 167227
 171546
 171586
 196441
 204851
 206358
 220965
 221037
 246243
 253959
 259217
 259266
 261726
 261734
 284058
 284119
 284403
 285596
 286451
 373156
 387522
 387893
